746.6
738
723
700
710
712
743
733.6
758
754.4
747.5
772
796
789.1
778
775
772.3
775.5
784
783
803
836.9
816
830.95
835
827.35
832.35
828.2
816.7
830
832.2
841
855
840.45
851
853
860
859
858.05
847.5
868
863.5
859.5
854
863.95
852.5
839.5
849
843.05
862.5
855.25
901.1
942.7
960
967
963.75
1016.1
1031
1004
994.15
1000.5
1015
1041
1049.3
1045.1
1049.55
1080
1055
1047.9
1045.1
1051.5
1048.6
1070
1061
1044
1039.9
1055.85
1031
1032.35
1034
1048.2
1036.65
1032.9
1060.85
1123.3
1163.8
1185.9
1226.95
1234.1
1261.35
1275
1258.55
1250
1300
1274
1244.85
1235.3
1219.1
1244.5
1245.5
1313
1328
1346.1
1421
1385
1385
1437
1424
1474.5
1472.8
1507.05
1508
1544.3
1628.75
1580.85
1510.05
1580
1276.4
1237.1
1243.85
1293.25
1300
1263
1276.95
1287
1284.8
1294
1300.8
1362
1376.4
1370
1356
1377
1375
1403
1380
1331.05
1345.15
1359
1383.65
1382.5
1390
1388
1402.65
1397
1384
1375.9
1387.95
1349
1368
1380.15
1389.5
1398
1411.5
1439.25
1432.5
1395
1407.5
1364.05
1385
1400.3
1406.95
1385
1385
1387.5
1383.5
1370.15
1377.65
1388.35
1360
1314.3
1286.1
1303
1312.1
1300
1323
1290
1187.7
1180
1178.05
1185
1127.25
1165
1166
1168.25
1185.2
1213
1223.55
1258
1255
1253
1256.95
1255
1261.5
1287.85
1276
1253
1228.15
1228.4
1210
1197
1193.8
1196
1207.8
1185
1201.95
1177
1185.5
1182.5
1246.95
1283
1293
1291.5
1285.6
1288
1271
1284.3
1268
1274.65
1267.6
1255.1
1271.1
1252.45
1280.5
1280.55
1271.4
1307
1343
1365.1
1367
1439.55
1356.5
1388.7
1410.25
1404.1
1403.1
1401.1
1444
1437.6
1480
1451.4
1466.3
1454
1495
1502.8
