1281.55
1241.2
1234.5
1200
1191.95
1200
1232.65
1239
1255
1236
1234.5
1241.15
1233.65
1227.95
1230.7
1242
1242.8
1277.05
1337
1378
1364
1367.7
1382
1366.9
1392
1378
1414
1410.75
1390
1425
1419.5
1445
1446.5
1451.35
1468
1469
1469
1430
1416
1426.05
1422.6
1429
1450
1441.25
1424.9
1416
1401
1391.1
1434
1435
1464.85
1465
1460.3
1452.35
1461.7
1447
1432
1408
1392.7
1420
1445.05
1472.75
1501
1525.15
1530.5
1523.25
1559
1545
1539.5
1534
1542.6
1547.5
1535.8
1559.8
1545.2
1536.25
1561.15
1541.1
1555.7
1568.1
1558.2
1568
1575
1569.3
1600.65
1599.5
1601.5
1623.95
1619.55
1601.6
1587
1609
1600
1615
1620
1616
1627
1616
1594.9
1611.9
1639.75
1704
1675.15
1673.3
1671
1668
1680
1690.2
1687.5
1670
1666
1669.85
1723
1715
1682
1612
1628.5
1653
1660.85
1680.35
1690
1690
1655
1654
1647.5
1650
1637.95
1634.5
1692.2
1713.95
1690
1667
1696.25
1696
1691.2
1659.1
1584
1621.4
1623.85
1626.35
1647.1
1629
1625.3
1667
1613.25
1610
1608
1613.25
1601
1611.85
1633.6
1635.55
1633.2
1625.1
1623.1
1667
1630.05
1637.35
1602.5
1616
1609.25
1606.7
1574
1563.2
1554.9
1542
1529
1513.85
1504
1490
1509.9
1492
1483.25
1512
1460
1463
1407.1
1340
1332.15
1307.1
1311
1275
1292.3
1305
1331
1309
1316.05
1321.7
1345.6
1335
1335
1340.35
1352
1351.4
1362
1383.9
1345.6
1340
1310.1
1310.35
1295
1270.85
1299
1300.3
1302.3
1294.8
1291.5
1296.1
1299
1307
1330
1354
1344
1318.8
1334.9
1331.1
1326.35
1317.3
1349
1340
1332
1333.1
1331
1350.8
1360
1325
1339.5
1359.5
1410
1425.15
1428
1414.8
1470
1429
1416.65
1483.9
1458.1
1496.35
1484
1488.5
1485.25
1462.35
1442
1458
1462.5
