62.5
60.8
61.2
60.5
60.75
58.85
60.9
62.45
62.5
63.2
64
66.25
65.1
65.65
66.1
66.55
66.3
67.25
68.7
68.55
68.5
70.9
68.25
67.3
72.5
73.7
76.3
80.55
74.5
75.9
76.15
78.35
79.55
79.2
80.5
82.9
84.2
82.85
81.75
83.05
84.35
85.9
84.1
86.4
87.7
85.85
79.05
78.4
76.9
77.6
75.25
74.3
75.75
73.8
75.65
74.65
74.85
71.2
69.1
69.75
70.5
71.2
74.35
73.2
74.5
72.7
75.05
75.6
72.2
72.05
72.8
74.85
74.8
74.95
72.7
78.75
79.45
78.45
78.55
79.95
78.85
77.3
78.4
74
75.5
81.9
83.1
87.15
84.45
85.7
84.5
83.85
81.95
83.9
84
82.4
82
81.4
80.2
80.2
83.3
80.7
81.45
80.75
82.9
82.75
80.9
80.55
77.7
77.85
75.35
76.7
77.25
78.55
77.8
79.4
75.6
74.9
73.8
74.2
74.9
76.7
75
74.5
74.85
73.25
72.2
72.6
73.2
72.8
70.6
71.05
72.15
72.5
74.6
73.5
70.1
71.4
71.25
69.3
70
70.45
70.85
72
71.55
70.5
70.55
71.25
64.7
65.85
67
67.85
67.55
66.8
67.8
68.9
67.45
67.6
67.5
68.45
69.15
71.2
71.35
71.45
67.6
67.05
66.7
67
66.6
64.7
64.6
62.3
63
64.55
62.15
65.15
64.2
61.95
61.7
63.4
64.7
63
62.4
63.45
61.4
63.5
65.4
66.65
68.3
67.35
68
69.9
69.85
70.05
71
71.6
71.05
70.8
70.85
73.1
73.4
73.35
72.6
73.65
71.65
71.85
69.3
70.6
70.75
73.5
76.8
77.05
76.5
77.95
79.2
78.8
78.55
80.4
80.5
80.15
78.35
80.15
78.7
79.25
81
77.15
78.1
80.1
80
92.1
92.5
87.2
90.4
93.65
95
97
91.85
92
93.7
92.8
91.65
90.5
92.35
94.25
94.2
