507
506.75
494.25
500.5
508
526
530
529.5
532.4
526.5
523.05
526
519.7
515.6
516.15
522
530.95
518.85
519.45
519
524
518
522
515.5
525
512.25
518.7
515.9
513.5
515
502.3
498.5
498
504
518
514.2
527
522.95
515.95
514
512.6
511.25
514
513.95
511.1
503.1
513.3
506.25
499.05
517.1
517.25
514.3
511.05
508
506.95
508.5
519
516.15
518.05
517.55
507
508
509.1
512.95
507.5
514
507
504.45
503
508
505.85
524.5
517.75
521.95
514.9
512.5
515
528
533
529.4
535.9
537
534.7
513.1
520.9
520.05
517
515
522
530
529.9
530
529
524.45
523.55
525.75
528
524
523.7
520
556.85
551
571
647.5
648
648.1
628.3
638
643.45
624.65
613.8
617
637
644.9
629
629.05
620
641
642.95
665.9
668
658
700
720
733
726
718
749
752.7
753
751
753
755
773
776
765
750
767.5
813
825
898.55
918.1
881.9
876.5
897
881
867
859.2
820
862
892
908
881
865
849
874.1
856.1
894.05
877.95
882.5
901.1
909.55
904.9
911
908.55
880
874.9
909.2
864.8
832.5
839.95
801
878
869.6
883
864.5
820.15
811.1
815.3
825.9
832.7
806.15
825.2
839.35
841
847.85
863
866.9
870
882.1
852
899
882
899.95
893.1
888.5
867.8
872.1
860
856.05
854
855
865.55
871.1
859
848
832
841.9
866
858
883
862.7
881.9
894
891
895
872.2
872.7
878.05
873.4
873.35
859.95
862
865.6
915.65
915
936
964
975
983.5
984
992
1037
1062
1064.05
1069
1063.55
1060
1062.25
1101.6
1167.15
1125
1102.2
1139.95
1134.5
