1359
694
775
471
231
236
231
38
1622
4443
11798
15547
18074
22112
24130
25641
20204
26806
30027
28108
46887
36145
46177
45854
44634
45233
58065
53765
55681
66302
89345
114159
165235
319173
220127
393758
305848
166022
141032
131369
145090
179240
170105
156990
162984
165079
176287
169776
170066
170742
163439
186240
317762
206523
322637
458663
545112
386617
271657
324245
345214
232189
236954
238613
248084
243689
244454
244621
268468
267530
264312
265718
261086
253430
253869
257008
256995
265989
265039
346055
655102
279041
408174
289404
407023
532042
340235
314050
313293
312752
314737
312736
338331
339345
360028
334748
345149
357545
373022
382554
419690
642014
679148
662534
668431
731580
1008908
874373
1027453
780798
665192
755452
659583
578074
68171
1359
694
775
471
231
236
231
38
1622
4443
11798
15547
18074
22112
24130
25641
20204
26806
30027
28108
46887
36145
46177
45854
44634
45233
58065
53765
55681
66302
89345
114159
165235
319173
220127
393758
305848
166022
141032
131369
145090
179240
170105
156990
162984
165079
176287
169776
170066
170742
163439
186240
317762
206523
322637
458663
545112
386617
271657
324245
345214
232189
236954
238613
248084
243689
244454
244621
268468
267530
264312
265718
261086
253430
253869
257008
256995
265989
265039
346055
655102
279041
408174
289404
407023
532042
340235
314050
313293
312752
314737
312736
338331
339345
360028
334748
345149
357545
373022
382554
419690
642014
679148
662534
668431
731580
1008908
874373
1027453
780798
665192
755452
659583
578074
68171
1359
694
775
471
231
236
231
38
1622
4443
11798
15547
18074
22112
24130
25641
20204
26806
30027
28108
46887
36145
46177
45854
44634
45233
58065
53765
55681
66302
89345
114159
165235
319173
220127
393758
305848
166022
141032
131369
145090
179240
170105
156990
162984
165079
176287
169776
170066
170742
163439
186240
317762
206523
322637
458663
545112
386617
271657
324245
345214
232189
236954
238613
248084
243689
244454
244621
268468
267530
264312
265718
261086
253430
253869
257008
256995
265989
265039
346055
655102
279041
408174
289404
407023
532042
340235
314050
313293
312752
314737
312736
338331
339345
360028
334748
345149
357545
373022
382554
